ID	aa count	base count	contacts sum	sum for 1 aa	sum for 1 base	avg. contacts distance
3hqf	2	5	42.08	21.04	8.42	4.56
1wte	1	5	107.91	107.91	21.58	3.95
1vrr	2	5	92.79	46.4	18.56	4.93
1yfi	3	8	96.69	32.23	12.09	4.41
1kc6	5	8	999.97	199.99	125.0	4.27
2fl3	4	6	116.55	29.14	19.43	4.35
1iaw	6	11	446.02	74.34	40.55	4.33
3c25	2	3	141.7	70.85	47.23	4.3
3gox	1	5	140.86	140.86	28.17	4.41
1d2i	4	11	158.71	39.68	14.43	4.44
3fc3	1	5	141.46	141.46	28.29	4.42
3dvo	5	5	497.84	99.57	99.57	4.26
3oqg	2	8	323.32	161.66	40.41	4.06
1eri	1	2	30.37	30.37	15.19	4.09
1pvi	1	4	90.87	90.87	22.72	4.42
1bhm	1	1	10.44	10.44	10.44	5.19
2e52	4	4	330.88	82.72	82.72	4.25
2oaa	2	3	39.77	19.89	13.26	5.08
3m7k	2	5	69.35	34.67	13.87	4.23
4abt	1	2	78.16	78.16	39.08	4.74
