ID	asp count	base count	contacts sum	sum for 1 asp	sum for 1 base	avg. contacts distance
1iaw	7	8	399.0	57.0	49.88	4.25
2e52	5	6	190.67	38.13	31.78	4.43
3fc3	5	5	195.0	39.0	39.0	4.7
1yfi	3	5	111.78	37.26	22.36	4.76
2oaa	5	8	236.18	47.24	29.52	4.54
1dc1	5	8	300.74	60.15	37.59	4.04
2fl3	4	6	55.14	13.78	9.19	4.37
3c25	3	6	135.29	45.1	22.55	4.25
3dvo	4	6	476.42	119.1	79.4	4.11
3hqf	1	1	1.66	1.66	1.66	4.55
1vrr	2	2	26.81	13.4	13.4	5.25
1eri	1	2	16.64	16.64	8.32	3.89
1pvi	4	5	142.14	35.53	28.43	4.32
1kc6	3	2	183.29	61.1	91.65	4.07
1bhm	3	8	231.49	77.16	28.94	4.26
4rdm	4	8	194.94	48.73	24.37	4.32
3gox	5	5	192.19	38.44	38.44	4.74
1d2i	6	14	182.54	30.42	13.04	4.16
1wte	5	7	324.11	64.82	46.3	4.3
3ndh	1	2	36.76	36.76	18.38	3.65
4abt	3	5	90.87	30.29	18.17	4.37
