ID	ser count	base count	contacts sum	sum for 1 ser	sum for 1 base	avg. contacts distance
2fl3	5	7	109.65	21.93	15.66	4.09
1eri	2	3	51.61	25.8	17.2	3.88
1dc1	3	5	158.41	52.8	31.68	4.02
3oqg	4	6	220.19	55.05	36.7	3.95
1iaw	6	5	209.52	34.92	41.9	4.19
1yfi	8	13	457.72	57.21	35.21	4.39
3m7k	2	3	68.62	34.31	22.87	4.07
3hqf	3	5	50.64	16.88	10.13	4.36
3ndh	1	2	47.04	47.04	23.52	4.57
3fc3	2	2	71.64	35.82	35.82	4.83
4abt	4	9	194.29	48.57	21.59	4.53
2e52	8	10	753.28	94.16	75.33	4.12
1pvi	2	2	155.53	77.77	77.77	4.51
3gox	2	2	72.6	36.3	36.3	4.86
3dvo	6	6	657.52	109.59	109.59	4.4
4rdm	4	5	163.53	40.88	32.71	3.87
1vrr	5	7	221.05	44.21	31.58	4.24
2oaa	6	6	323.26	53.88	53.88	4.24
1bhm	5	7	71.08	14.22	10.15	4.99
1kc6	3	4	228.35	76.12	57.09	4.14
3c25	6	8	358.89	59.82	44.86	4.35
1wte	1	2	51.61	51.61	25.81	4.13
1d2i	7	18	325.69	46.53	18.09	4.38
