ID	aa count	base count	contacts sum	sum for 1 aa	sum for 1 base	avg. contacts distance
3fc3	5	6	203.25	40.65	33.87	4.47
1iaw	4	6	390.16	97.54	65.03	4.34
2fl3	2	5	82.71	41.36	16.54	4.63
4rdm	1	1	1.83	1.83	1.83	4.79
1pvi	2	5	116.61	58.3	23.32	4.68
2oaa	8	8	597.16	74.64	74.64	4.3
1bhm	2	3	116.19	58.1	38.73	4.37
3dvo	3	5	213.95	71.32	42.79	4.37
3ndh	5	8	359.58	71.92	44.95	4.37
2e52	5	8	583.45	116.69	72.93	4.03
1dc1	3	6	68.46	22.82	11.41	4.83
3m7k	2	2	17.55	8.78	8.78	5.41
1vrr	1	2	35.06	35.06	17.53	5.19
1wte	6	7	483.9	80.65	69.13	4.16
3gox	5	6	203.18	40.64	33.86	4.43
3oqg	6	7	512.24	85.37	73.18	4.21
4abt	3	4	120.9	40.3	30.23	4.35
3c25	3	5	103.95	34.65	20.79	4.05
1d2i	3	9	96.77	32.26	10.75	4.45
1kc6	2	4	252.72	126.36	63.18	4.39
1yfi	1	3	58.25	58.25	19.42	4.33
3hqf	3	6	104.25	34.75	17.38	4.15
