ID	aa count	base count	contacts sum	sum for 1 aa	sum for 1 base	avg. contacts distance
3veb	3	5	168.3	56.1	33.66	4.33
3ikt	2	5	84.56	42.28	16.91	4.83
3s8q	3	11	249.52	83.17	22.68	4.11
3w3c	1	3	49.61	49.61	16.54	4.18
2p5l	3	6	483.32	161.11	80.55	4.25
2yvh	2	5	100.12	50.06	20.02	4.74
4on0	1	3	83.19	83.19	27.73	3.92
2ac0	4	5	195.27	48.82	39.05	4.41
1zs4	1	4	76.09	76.09	19.02	4.08
4l62	1	2	170.01	170.01	85.0	3.84
2er8	1	2	7.55	7.55	3.78	3.62
1gxp	4	11	425.28	106.32	38.66	4.2
1ea4	2	15	996.89	498.45	66.46	4.32
4gcl	3	14	599.33	199.78	42.81	4.16
4lmg	1	2	24.09	24.09	12.04	4.3
4u0y	2	4	160.62	80.31	40.15	3.98
4mte	3	11	184.76	61.59	16.8	4.35
6cro	1	2	34.46	34.46	17.23	4.48
4ix7	4	6	234.56	58.64	39.09	4.28
2wt7	1	2	48.16	48.16	24.08	4.17
4qtk	3	5	186.21	62.07	37.24	4.45
2e1c	1	3	47.72	47.72	15.91	4.04
3p57	2	2	137.7	68.85	68.85	4.49
1mdm	1	1	1.91	1.91	1.91	4.88
1le5	1	2	51.99	51.99	25.99	4.76
1r8d	2	3	69.06	34.53	23.02	4.31
1lmb	1	2	57.83	57.83	28.92	4.49
3u3w	1	2	75.83	75.83	37.92	4.22
1cma	2	10	202.04	101.02	20.2	4.24
2vy1	2	4	58.83	29.42	14.71	4.36
3iag	2	2	42.49	21.25	21.25	4.23
2xsd	2	6	76.56	38.28	12.76	4.14
1hjb	2	4	84.36	42.18	21.09	4.68
1owr	5	7	399.46	79.89	57.07	4.61
1jfi	7	11	171.81	24.54	15.62	4.33
4g92	3	4	54.86	18.29	13.71	4.45
3a01	6	11	359.27	59.88	32.66	4.35
2r5y	2	2	40.28	20.14	20.14	4.26
1pnr	3	4	88.6	29.53	22.15	4.4
1rio	3	6	111.12	37.04	18.52	4.24
3dfx	3	4	143.88	47.96	35.97	4.38
1skn	1	1	8.42	8.42	8.42	4.15
3o9x	3	7	100.98	33.66	14.43	4.62
3dnv	1	2	42.72	42.72	21.36	4.23
2bop	2	3	55.07	27.53	18.36	4.5
3pvv	3	10	268.98	89.66	26.9	4.41
4lln	6	10	1148.09	191.35	114.81	4.17
1lq1	4	8	252.59	63.15	31.57	4.16
4jl3	1	6	133.86	133.86	22.31	4.3
3igm	1	2	71.27	71.27	35.63	4.39
1h6f	3	5	181.43	60.48	36.29	4.05
2i9t	1	2	23.7	23.7	11.85	4.37
3h0d	1	2	4.71	4.71	2.36	4.7
1sax	4	16	225.38	56.35	14.09	4.35
4ldx	4	6	319.14	79.78	53.19	4.26
3zql	2	4	147.29	73.65	36.82	4.74
3coa	1	1	5.38	5.38	5.38	5.0
3coq	2	6	74.18	37.09	12.36	4.42
1odh	2	2	30.09	15.04	15.04	5.1
1nkp	2	2	17.14	8.57	8.57	4.98
3hdd	1	3	35.31	35.31	11.77	3.94
3n7q	2	4	54.53	27.27	13.63	3.84
3e6c	3	4	70.65	23.55	17.66	4.22
3a5t	1	2	81.45	81.45	40.73	4.36
4ux5	4	7	101.91	25.48	14.56	4.72
1bl0	3	7	98.09	32.7	14.01	4.56
1ic8	1	3	18.18	18.18	6.06	4.86
1qn3	5	7	257.21	51.44	36.74	4.34
3fdq	2	3	56.09	28.05	18.7	4.05
1k78	1	1	0.25	0.25	0.25	5.22
3zpl	2	4	175.05	87.52	43.76	4.78
3jxd	1	5	94.92	94.92	18.98	4.28
1zre	4	6	154.26	38.56	25.71	4.29
3zkc	1	1	2.25	2.25	2.25	5.03
1t2k	2	4	41.61	20.81	10.4	4.12
4iht	1	2	144.78	144.78	72.39	4.43
4hf1	1	1	21.9	21.9	21.9	3.96
4nnu	4	9	342.82	85.7	38.09	4.5
1qn6	4	7	264.06	66.02	37.72	4.28
3mlp	1	2	51.91	51.91	25.95	5.46
