ID	aa count	base count	contacts sum	sum for 1 aa	sum for 1 base	avg. contacts distance
1r8d	2	3	112.42	56.21	37.47	4.49
2xsd	4	7	121.97	30.49	17.42	4.17
1mhd	1	10	156.0	156.0	15.6	4.24
1bl0	4	11	172.02	43.01	15.64	4.38
3fdq	2	8	132.73	66.37	16.59	4.59
3iag	2	6	72.89	36.44	12.15	4.05
3h0d	1	6	90.32	90.32	15.05	4.27
3a01	6	10	330.6	55.1	33.06	4.32
3dnv	2	3	85.77	42.89	28.59	4.05
1zre	1	2	95.16	95.16	47.58	4.51
1lmb	2	8	188.94	94.47	23.62	4.26
4hf1	1	5	74.96	74.96	14.99	4.47
1le5	4	4	274.03	68.51	68.51	4.11
2r5y	4	8	139.98	34.99	17.5	4.15
1cf7	1	1	14.21	14.21	14.21	5.6
3ikt	1	2	90.82	90.82	45.41	4.51
3u3w	2	4	166.13	83.06	41.53	4.08
3zpl	2	6	215.07	107.54	35.85	4.46
3coq	1	3	10.29	10.29	3.43	4.41
3e6c	1	2	51.05	51.05	25.53	4.06
1kb2	2	3	37.57	18.78	12.52	4.34
4nnu	3	5	214.16	71.39	42.83	4.46
1qn3	2	5	182.54	91.27	36.51	4.22
3a5t	1	1	4.48	4.48	4.48	4.73
4jl3	1	16	252.36	252.36	15.77	4.58
4mte	2	8	333.29	166.65	41.66	4.39
4gcl	1	1	1.43	1.43	1.43	5.69
1k78	2	2	155.7	77.85	77.85	4.02
3hdd	2	14	158.38	79.19	11.31	4.55
4l62	1	2	38.63	38.63	19.31	4.97
2ac0	1	1	1.8	1.8	1.8	4.73
4ix7	1	1	22.36	22.36	22.36	4.27
4iht	4	7	443.06	110.76	63.29	4.47
3s8q	1	2	97.0	97.0	48.5	3.97
1bdt	1	7	271.21	271.21	38.74	4.32
1rio	3	9	216.52	72.17	24.06	4.21
4g92	2	2	19.42	9.71	9.71	3.9
4jcy	2	9	183.1	91.55	20.34	4.45
4lln	6	8	652.9	108.82	81.61	4.11
1gd2	3	10	487.66	162.55	48.77	4.17
2vy1	1	1	6.75	6.75	6.75	5.01
2p5l	2	5	336.86	168.43	67.37	3.92
3pvv	2	2	66.16	33.08	33.08	4.41
2er8	2	6	315.74	157.87	52.62	4.4
6cro	2	5	89.39	44.69	17.88	4.24
1ic8	4	16	308.49	77.12	19.28	4.23
3u2b	1	2	35.37	35.37	17.68	4.21
4u0y	1	2	60.33	60.33	30.16	4.3
4lmg	2	1	54.71	27.36	54.71	4.4
3w3c	1	2	25.07	25.07	12.53	4.38
1nkp	2	2	3.0	1.5	1.5	5.64
4ldx	2	3	107.03	53.51	35.68	4.56
1t2k	1	4	67.17	67.17	16.79	4.87
4on0	3	21	738.62	246.21	35.17	4.34
3veb	3	8	173.05	57.68	21.63	4.71
3o9x	2	6	152.68	76.34	25.45	4.1
1mdm	2	2	78.58	39.29	39.29	4.01
1zs4	1	5	124.08	124.08	24.82	4.07
1h6f	1	2	44.3	44.3	22.15	4.71
3jxd	2	16	183.41	91.71	11.46	4.07
3zkc	1	3	89.25	89.25	29.75	4.54
1jfi	3	5	98.54	32.85	19.71	4.14
2zhg	1	2	22.92	22.92	11.46	4.47
1xpx	1	1	20.44	20.44	20.44	4.49
4ux5	3	6	221.32	73.77	36.89	4.3
2i9t	4	4	118.08	29.52	29.52	4.3
1owr	2	6	199.68	99.84	33.28	4.51
2wt7	1	2	24.2	24.2	12.1	4.01
1qn6	2	5	187.95	93.98	37.59	4.2
3dfx	1	3	51.99	51.99	17.33	4.2
3mlp	1	1	11.03	11.03	11.03	5.49
