ID	aa count	base count	contacts sum	sum for 1 aa	sum for 1 base	avg. contacts distance
1jfi	5	8	83.52	16.7	10.44	4.45
1gxp	1	1	23.3	23.3	23.3	4.97
4g92	2	4	62.02	31.01	15.5	3.97
3h0d	5	13	248.36	49.67	19.1	4.22
4jl3	5	18	399.55	79.91	22.2	4.24
3jxd	2	10	142.94	71.47	14.29	3.94
1bdt	3	8	329.85	109.95	41.23	4.23
1zre	1	2	75.83	75.83	37.91	4.14
1bl0	3	5	69.87	23.29	13.97	4.22
4mte	1	4	76.92	76.92	19.23	4.57
1r8d	1	1	37.57	37.57	37.57	3.81
1k78	6	19	672.95	112.16	35.42	4.2
1ic8	2	12	151.51	75.76	12.63	4.11
3a01	2	4	51.19	25.6	12.8	4.93
3u3w	4	7	224.98	56.25	32.14	4.08
1hjb	1	6	187.17	187.17	31.2	4.26
2ac0	4	7	301.37	75.34	43.05	4.34
4hf1	6	10	298.1	49.68	29.81	4.04
1qn6	4	6	127.15	31.79	21.19	4.31
4fth	1	10	90.71	90.71	9.07	4.27
3coa	6	8	363.8	60.63	45.48	4.34
4iht	3	6	246.33	82.11	41.06	4.39
2yvh	6	17	636.43	106.07	37.44	4.17
1ea4	2	8	461.91	230.96	57.74	4.11
4l62	4	17	806.5	201.62	47.44	4.27
3w3c	2	4	53.25	26.62	13.31	4.77
3g97	2	4	74.72	37.36	18.68	4.29
3mlp	4	10	548.19	137.05	54.82	4.35
4gcl	3	12	313.76	104.59	26.15	4.04
1cma	3	6	122.94	40.98	20.49	4.41
1nkp	2	4	70.19	35.1	17.55	4.4
3a5t	2	2	26.45	13.23	13.23	4.96
4ldx	3	5	216.1	72.03	43.22	4.31
3n7q	4	4	97.77	24.44	24.44	4.35
3o9x	1	3	75.31	75.31	25.1	3.93
3iag	3	7	146.69	48.9	20.96	4.02
4jcy	3	6	205.37	68.46	34.23	4.35
3s8q	2	5	99.93	49.97	19.99	4.12
4h10	3	5	62.54	20.85	12.51	4.69
3u2b	2	4	53.44	26.72	13.36	4.09
2h7h	2	4	86.09	43.04	21.52	4.51
1rio	3	17	260.94	86.98	15.35	4.39
1xpx	2	2	11.42	5.71	5.71	5.58
4lln	1	3	232.99	232.99	77.66	4.3
1gd2	1	3	42.56	42.56	14.19	4.96
3pvv	1	2	66.37	66.37	33.19	3.83
2i9t	3	5	135.07	45.02	27.01	4.27
1mhd	3	6	116.5	38.83	19.42	4.47
3jtg	2	2	23.1	11.55	11.55	4.52
3fdq	2	5	113.8	56.9	22.76	4.48
2e1c	1	6	61.35	61.35	10.22	4.27
4ux5	1	4	76.9	76.9	19.23	4.13
1mdm	6	16	250.12	41.69	15.63	4.17
3veb	2	5	109.48	54.74	21.9	4.98
2er8	1	9	60.94	60.94	6.77	4.86
3dnv	2	4	50.1	25.05	12.52	4.11
2zhg	1	2	43.12	43.12	21.56	4.35
1owr	3	6	232.83	77.61	38.81	4.54
1cf7	4	4	15.86	3.97	3.97	4.53
3zpl	3	8	426.58	142.19	53.32	4.27
2wt7	1	1	9.5	9.5	9.5	4.8
1lq1	3	8	129.58	43.19	16.2	4.34
2xsd	3	5	81.87	27.29	16.37	3.77
1lmb	3	16	159.89	53.3	9.99	4.36
4u0y	2	8	290.36	145.18	36.3	4.02
1t2k	6	19	165.2	27.53	8.69	4.55
4on0	5	15	507.18	101.44	33.81	4.32
3igm	4	4	224.89	56.22	56.22	4.16
3e6c	3	6	94.26	31.42	15.71	4.14
4nnu	5	9	223.65	44.73	24.85	4.73
1pnr	1	3	38.29	38.29	12.76	3.95
3ikt	4	4	219.34	54.83	54.83	4.31
3zql	2	4	319.79	159.9	79.95	4.01
2p5l	2	3	144.18	72.09	48.06	3.95
4ix7	3	4	162.63	54.21	40.66	4.14
4lmg	5	15	494.84	98.97	32.99	3.96
4qtk	2	5	67.87	33.93	13.57	4.84
3zkc	6	10	394.41	65.73	39.44	4.12
1zs4	2	7	162.27	81.14	23.18	4.2
1qn3	4	6	119.13	29.78	19.85	4.33
1le5	4	4	82.93	20.73	20.73	4.71
1sax	4	9	156.41	39.1	17.38	4.23
6cro	1	6	51.84	51.84	8.64	4.37
2r5y	3	3	19.89	6.63	6.63	4.63
1h6f	1	1	42.14	42.14	42.14	3.49
1odh	2	3	54.14	27.07	18.05	4.55
