ID	lys count	base count	contacts sum	sum for 1 lys	sum for 1 base	avg. contacts distance
3gv5	4	8	259.23	64.81	32.4	4.03
4elu	4	10	160.02	40.0	16.0	4.19
3aaf	4	5	243.51	60.88	48.7	4.31
3f2b	5	8	163.49	32.7	20.44	4.43
4oin	12	18	382.55	31.88	21.25	4.54
1xsl	8	6	598.73	74.84	99.79	4.24
3cws	2	6	61.0	30.5	10.17	5.21
1ya6	5	8	83.59	16.72	10.45	4.51
4c2u	1	1	12.04	12.04	12.04	5.69
4g0v	7	15	393.95	56.28	26.26	4.41
1rzt	7	5	514.75	73.54	102.95	4.28
4eyh	4	5	104.6	26.15	20.92	4.42
4o5e	8	6	242.2	30.28	40.37	4.23
3l2p	17	22	473.85	27.87	21.54	4.32
3av2	17	49	627.11	36.89	12.8	4.4
3jxy	6	8	150.98	25.16	18.87	4.34
2voa	5	8	259.56	51.91	32.44	4.57
1jey	16	18	414.36	25.9	23.02	4.41
1sxq	5	13	312.92	62.58	24.07	4.29
1s9f	11	12	786.82	71.53	65.57	4.49
3rax	18	26	388.95	21.61	14.96	4.49
1skr	8	13	266.32	33.29	20.49	4.34
3n4m	7	13	213.83	30.55	16.45	4.33
4klu	8	7	253.92	31.74	36.27	4.31
4dl4	8	8	247.38	30.92	30.92	4.15
4o0i	6	9	147.01	24.5	16.33	4.6
2wwy	9	10	287.6	31.96	28.76	4.66
2o8b	11	17	335.0	30.45	19.71	4.47
2bzf	3	5	93.4	31.13	18.68	4.5
9ick	2	5	84.29	42.15	16.86	4.34
2dnj	1	1	4.37	4.37	4.37	5.59
3kxt	5	8	142.59	28.52	17.82	4.3
2pi4	7	14	269.07	38.44	19.22	4.33
1x9w	6	11	212.72	35.45	19.34	4.39
3l4j	8	10	261.69	32.71	26.17	4.49
1f66	37	57	999.09	27.0	17.53	4.41
3uiq	13	21	449.32	34.56	21.4	4.47
4ir1	6	8	305.9	50.98	38.24	4.08
2wtf	8	9	196.65	24.58	21.85	4.65
