ID	asp count	base count	contacts sum	sum for 1 asp	sum for 1 base	avg. contacts distance
3cws	2	4	11.41	5.71	2.85	5.8
3uiq	3	4	75.54	25.18	18.89	4.06
2dnj	3	2	13.26	4.42	6.63	4.72
2wtf	2	3	15.75	7.88	5.25	5.1
1skr	6	7	102.54	17.09	14.65	4.43
4eyh	2	2	29.25	14.63	14.63	4.41
1s9f	4	4	110.09	27.52	27.52	4.42
4oin	7	9	93.46	13.35	10.38	4.4
4ir1	4	3	40.02	10.01	13.34	4.47
4elu	2	2	38.1	19.05	19.05	4.29
4klu	4	2	117.6	29.4	58.8	4.3
1rzt	1	1	0.03	0.03	0.03	5.63
3l4j	4	3	45.3	11.33	15.1	4.61
2pi4	2	4	70.05	35.02	17.51	4.36
2bzf	1	1	5.97	5.97	5.97	5.42
3rax	5	5	27.58	5.52	5.52	4.99
3n4m	1	2	16.6	16.6	8.3	4.81
2voa	2	2	26.76	13.38	13.38	5.01
2wwy	1	1	54.77	54.77	54.77	4.09
1xsl	4	2	101.38	25.34	50.69	4.99
3gv5	3	2	56.15	18.72	28.08	4.4
1f66	2	2	13.13	6.57	6.57	4.75
4c2u	2	2	18.64	9.32	9.32	4.7
4o5e	3	1	41.84	13.95	41.84	4.62
3av2	1	4	14.1	14.1	3.52	5.18
1jey	1	3	36.39	36.39	12.13	4.01
4dl4	1	1	9.98	9.98	9.98	3.8
3l2p	7	8	104.17	14.88	13.02	4.42
4g0v	4	7	139.81	34.95	19.97	4.46
3jxy	1	1	8.21	8.21	8.21	4.2
1x9w	5	6	101.09	20.22	16.85	4.33
