ID	aa count	base count	contacts sum	sum for 1 aa	sum for 1 base	avg. contacts distance
4dl4	6	7	141.3	23.55	20.19	4.24
4elu	8	13	239.28	29.91	18.41	4.02
3l2p	9	11	206.93	22.99	18.81	3.96
4klu	3	5	82.37	27.46	16.47	4.36
1skr	4	6	71.2	17.8	11.87	4.31
1s9f	5	8	508.51	101.7	63.56	4.19
3n4m	3	7	76.66	25.55	10.95	4.03
4eyh	5	8	168.25	33.65	21.03	4.18
1sxq	3	2	154.26	51.42	77.13	4.2
2wtf	6	13	204.47	34.08	15.73	4.51
1xsl	3	2	51.97	17.32	25.99	5.37
4ir1	5	7	205.17	41.03	29.31	4.24
2voa	2	2	101.11	50.55	50.55	4.02
4oin	5	8	104.34	20.87	13.04	4.3
3rax	8	12	209.73	26.22	17.48	4.38
1jey	4	5	44.15	11.04	8.83	4.58
4c2u	3	3	143.64	47.88	47.88	4.08
2wwy	3	3	75.84	25.28	25.28	4.7
4o5e	3	5	84.45	28.15	16.89	4.4
2dnj	4	6	83.26	20.81	13.88	4.65
3uiq	7	7	170.07	24.3	24.3	4.16
3gv5	7	8	313.47	44.78	39.18	4.21
1f66	18	18	307.49	17.08	17.08	4.1
9ick	3	3	83.98	27.99	27.99	4.31
1ya6	5	8	134.09	26.82	16.76	4.26
2pi4	5	7	68.26	13.65	9.75	4.59
1x9w	3	5	71.68	23.89	14.34	4.29
3av2	8	18	287.9	35.99	15.99	4.1
2bzf	1	2	23.25	23.25	11.62	4.38
2o8b	2	3	15.3	7.65	5.1	5.08
3l4j	6	8	130.96	21.83	16.37	4.52
4o0i	7	7	140.05	20.01	20.01	4.21
1rzt	3	2	60.86	20.29	30.43	5.35
3aaf	2	2	82.78	41.39	41.39	4.39
4g0v	5	7	164.75	32.95	23.54	4.54
