ID	aa count	base count	contacts sum	sum for 1 aa	sum for 1 base	avg. contacts distance
4c2u	3	4	64.41	21.47	16.1	4.28
3aaf	1	2	125.23	125.23	62.62	4.09
4o0i	5	5	84.96	16.99	16.99	4.34
2wwy	1	2	83.64	83.64	41.82	4.28
4ir1	3	3	81.35	27.12	27.12	4.63
4elu	4	6	99.46	24.86	16.58	3.9
2pi4	8	8	184.71	23.09	23.09	4.26
1xsl	4	5	242.36	60.59	48.47	4.68
3l2p	2	4	71.56	35.78	17.89	4.11
3uiq	3	4	37.54	12.51	9.38	4.66
3av2	3	11	74.29	24.76	6.75	4.3
1rzt	4	5	231.36	57.84	46.27	4.76
1sxq	1	2	29.67	29.67	14.84	4.96
2o8b	3	5	113.4	37.8	22.68	4.28
3jxy	1	2	39.87	39.87	19.93	4.44
1f66	4	9	77.08	19.27	8.56	4.36
4dl4	2	3	53.06	26.53	17.69	4.22
4g0v	5	11	196.39	39.28	17.85	4.91
3l4j	4	6	72.07	18.02	12.01	4.99
9ick	2	2	1.27	0.63	0.63	5.53
3gv5	3	7	357.84	119.28	51.12	4.22
2bzf	2	3	59.38	29.69	19.79	4.33
4eyh	3	4	102.91	34.3	25.73	4.39
1jey	5	6	54.86	10.97	9.14	4.68
4oin	4	5	50.21	12.55	10.04	4.84
4klu	1	1	0.18	0.18	0.18	5.51
2wtf	1	3	59.65	59.65	19.88	4.85
1skr	4	9	156.11	39.03	17.35	4.16
3cws	3	8	153.33	51.11	19.17	4.44
2voa	1	1	78.19	78.19	78.19	4.47
1x9w	4	8	158.3	39.57	19.79	4.29
3n4m	1	2	46.26	46.26	23.13	4.39
